id csize PC1 PC10 PC2 PC3 PC4 PC5 PC6 PC7 PC8 PC9
AL1_2014 6.3835026139663 -0.0348844569699496 0.00386378906031786 -0.0127740705122632 -0.000275524762579234 -0.00346640505941112 -0.0440286119661698 0.0250352911875096 0.00444819674067853 0.0112148234037847 -0.0128364426419302
AL1_2014 7.54566125350301 0.0204617177498847 -0.00748193121437504 -0.0277223859699452 0.001952852800458 0.00925731435675221 0.0250611820245123 0.0305537783859757 -0.00750831846477556 -0.0103399652247542 0.00447375643739394
AL11_2014 6.10338186846917 -0.0156510362762606 -0.01553399190306 0.0261331457973724 -0.0213304979429298 -0.00660569236585069 0.015002803572446 -0.0295216670095058 0.0173781664226943 -0.00621884848260191 -0.0128751500070309
AL11_2014 7.3524834841207 -0.00154938809173923 0.0116513332937332 0.0109882303890748 -0.00602347607513999 0.011565686122119 -0.0442318106945642 0.0209105234211582 0.00418753807337375 -0.000489043960264845 -0.00760650756437437
AL12_2014 5.99542051703587 0.00114200584134364 -0.00062467434525856 -0.00111031172952985 -0.00637484301459224 0.0136642015191709 -0.0249509955232983 0.051238486215568 -0.00582572111922406 -0.00614323304018639 -0.00557837417734217
AL12_2014 6.3983113111033 -0.0888539652965576 -0.00471044830133838 -0.0118043584737843 -0.00142110698615636 -0.00423486570119381 0.0117076156700609 0.0467653887714002 0.0139568536098604 0.00196490796745037 -0.017495633551442
AL13_2014 5.9945015874602 -0.0186191781837833 -0.00352169086555348 -0.00838019349384932 -0.00728989463324083 0.00526736404765184 0.0102685812965202 0.0441362029704793 0.00923060782345568 -0.00463755776300861 0.00833723607484854
AL13_2014 7.23569677601507 -0.0138414635701271 -0.00524370723670604 -0.0172168305230395 0.00496908673143644 -0.0111597722917 -0.0112767155142673 0.0287144199744081 0.00830780446905128 0.0003623812904601 0.00505827197836047
AL14_2014 6.05115682008896 -0.0428579979758437 0.000205974317820052 -0.0249007001582583 0.000171556759220393 -0.00360102976496009 -0.0186694800023783 -0.00941114025808407 0.00906060616775218 -0.01167331218295 -0.0119512853267207
AL14_2014 6.98699101401381 -0.00147606507041055 0.0100040563091659 -0.0197278457492465 0.00529170474945466 0.0129951497082693 0.0107718950414923 0.0520372802002679 0.0011033399812896 -0.0142939460467189 -0.00400311099633186
AL2_2014 5.78470208455878 -0.0889882605674108 0.0195217628476249 -0.0102196212326108 0.002306717146163 -0.00360398167296718 0.0174111019674026 0.0152051641400866 0.0166947487345354 0.00831880029144373 -0.00455979629494714
AL2_2014 7.43397617166291 0.022816604196047 0.00222242892595053 -0.00546899216780786 -4.52664198217325e-05 -0.00552841227518438 0.00930713087405337 0.0278976193415383 -0.00315648309040064 -0.000162554784801606 0.00648311343099034
AL21_2014 6.51280499801886 -0.0148469449361038 0.00860866266602192 -0.00257687321239239 -0.00187850431740875 -0.00310353334593001 0.00973346460355367 -0.00700084795527441 0.00565917911309749 -0.00444484111173828 -0.00890688951154328
AL22_2014 6.57581023250797 -0.0299908049876836 -0.0116005641348926 0.00737642687438935 -0.000876775177159608 0.00813906951172523 0.0338488970787908 0.0120571105718681 0.00111227489991361 -0.0101150416098666 -0.0116398173120243
AL23_2014 6.38755662773062 -0.00512901571511121 0.0127168537640969 0.0115430995344589 -0.00033070898686135 0.0108862471437693 -0.0026300490484541 0.0128760211796819 0.011181837981313 0.00757171925909023 0.00557397334943237
AL24_2014 6.64865776856492 -0.041436837818876 -0.00631081379919504 -0.00832245012554579 0.0219639823981335 -0.000493367071564092 0.00799781021777593 0.0186945909815774 0.00118648240626502 -0.0184700672359528 0.00432578989683965
AL29_2014 6.3237751288918 -0.0334232126860404 0.00922150530283039 -0.00401746660944051 0.00802791145223135 0.00602966130394657 -0.00110552629245022 0.00849418778656383 0.00388691205221176 0.00379875766763171 0.00367156972180979
AL3_2014 6.21523170285029 0.0279220202316748 -0.00525238847010877 0.0236494798177726 -0.000682449154040364 -0.00401851696147903 -0.00454391454808316 0.0081395110862422 -0.00780578419539716 -0.00858180782517573 -0.0002649737133145
AL3_2014 6.33868435553304 -0.0657584518438334 -0.00884068674537891 0.0258468094880049 -0.00926226399091976 -0.00959378810587727 0.0195540482210385 0.0165494719722881 -0.0143682862323451 0.00144163284931056 0.0049002980039551
AL32_2014 6.72576320074843 -0.0110055511286459 0.00834577855925532 0.0100109065164125 0.00910820178901436 -0.00442213571119606 -0.0321994358554971 0.00738564350004242 0.0058577646273882 -0.00592762407163637 -0.0140469156161056
AL5_2014 6.16337720641722 0.00254094451365659 -0.00258728806381109 0.00487182484160025 0.00806891068331007 0.0093863667429571 -0.0168714699740809 0.0110118431471145 -0.00735238289828448 0.00401070969561549 0.0101061657962266
AL5_2014 6.88768786049951 -0.00225574241530151 0.00334483086168286 0.0106168273190685 0.000925035791654121 0.00464423851627431 0.0336133888849687 0.0113711887496056 0.00277583303689203 -0.00232656726053926 0.00796477413185885
AL6_2014 6.0090375355435 -0.0306494130126777 -0.0169680909935716 -0.0149376565885709 -0.00402313669763446 -0.0196596178778974 0.033807857052164 0.0160412591668234 -0.00413478172448384 -0.0165613397411626 -0.000520002650523558
AL6_2014 6.69932089881986 0.00957161496875976 0.0058677967228271 0.00513886998163895 -0.0313078525472168 0.0049019489487224 0.00551720703107387 0.0134199193674692 -0.00192517560974355 -0.00203912927826583 0.0021356029514899
AL7_2014 5.7920631689498 -0.0129275420095419 -0.00358897336177949 0.0338607087025943 -0.00285291867069043 -0.00371082592860041 0.0163665876058599 0.0169614029724705 0.00942410547984866 0.00326720634945842 0.00362331745961468
AL7_2014 6.91285320532126 0.0216034692969706 -0.00182093771633882 -0.0118337590329682 0.00331936634786839 -0.00336238101587901 0.0391406581518271 -0.00828042841163271 0.013250572485178 -0.0107578655194341 -0.000676562854284753
BR18_2014 6.48409334715032 -0.0209362564114499 -0.000900087200483014 0.0125876515722368 0.00693490964922088 -0.0130182328941413 -0.00388472050895608 0.0183162160141794 -0.016454292547791 0.014382065022317 0.00130672057769031
BR19_2014 7.47269913329099 0.0224161357365135 0.00320376156814053 -0.0150090156630375 0.000444385364678744 0.00766548342199037 0.0213397490343025 0.0406609666383574 0.00650131534599303 0.0152399360415232 -0.000539771822986632
BR20_2014 6.9261465476584 0.0109691421421431 0.00298334103045168 0.00530599697734719 0.0112826528744807 0.0065292707763374 -0.00223566728321056 -0.00472622847963175 -0.0115628903723704 0.000775718107523041 -0.0170240865606596
BR21_2014 6.20799376640874 -0.0414855491226232 0.00489334177295195 -0.0232440490617188 -0.00169563382057046 0.000591967656966279 -0.00636327623982012 -0.00748558837343103 0.0031972181953195 0.00923350554437985 0.014312457869007
BR23_2014 7.06544083250817 -0.0269067378450333 0.0156035775418012 -0.0151316064244317 0.00333930537789983 -0.00800488205814434 0.00902909555815717 -0.00839807772715138 -0.0103248018119827 0.0148902854975024 0.00208962878948015
BR24_2014 6.93915065101779 0.0341440416262714 -0.00288885358501636 -0.0257646373468223 0.00200694109735186 0.00113469882326728 0.00133354848282619 0.0219829378065359 0.0028487333270245 0.00654753526477277 -0.0052024536150534
BR25_2014 7.08152659909348 -0.00176135666078439 0.00509982126072444 -0.00681846638505735 -0.00282165369107039 0.00171566745728884 0.0104533259501326 -0.0203287681769921 -0.00535105591344528 -0.00265589237910403 0.00527975717184847
BR26_2014 7.08105293199063 0.00736153545469788 -0.0024434627166793 -0.00292764537193547 0.00147285195388617 0.00123825231174194 0.00694780087040807 -0.0314766795150941 0.00844249055020446 0.0155443528177402 -0.00518149959019177
BR28_2014 6.25453884629419 0.0441429971774858 0.0135221335674881 -0.00860745676025049 -0.00405237061901313 0.00743472556756616 -0.0159918285938622 0.0303274366271112 -0.000197923781068437 0.0109192278567027 0.0013493506881402
BR29_2014 6.25975151577051 0.059674573058165 0.0131110418222072 -0.0141561549433401 -0.000867264487896562 -0.00610706437870706 -0.00309234765840257 -0.00773380340543059 -0.00213215421277489 -0.000951263439519911 0.010880603039103
BR31_2014 6.26585811714695 0.0127232149680807 0.00828526232848446 -0.0176965141777139 0.00327056938812305 0.00921383086617319 -0.021931293180131 -0.000329715280956594 0.00864314492918538 -0.000944908637463261 0.00894224329074874
BR32_2014 6.2005275711539 -0.0236230305112492 -0.00449761827754198 -0.0240935320739327 -0.00237960545610832 -0.014102424749698 -0.00481248763337575 0.0274335241545023 -0.00828117644453165 0.00865093001555005 -0.00682625761643257
BR33_2014 7.1400274082712 0.0329501475452567 0.00982345000465284 -0.021658686015958 0.00718713967819124 -0.00126191347316952 -0.0277577212765476 0.00427582133269807 0.00688436322848881 0.00789102876933644 -0.00152639459415505
BR36_2014 6.35339189534958 0.00462771391698641 -0.00246382464834382 -0.00431602089300163 0.0146808903904247 -0.0155347836197129 0.0290049620940827 -0.0430792540857711 0.0109259807737757 -0.0101418153184327 -0.0040989990140367
BR37_2014 7.12839249394118 0.0143494292074748 0.00828245905776003 0.00597999306560314 0.00502037323534364 0.00600324700899855 -0.0109032822025593 -0.00468962205779595 0.0123567029529796 0.00750956280905882 0.00729032989295517
CL11_2014 7.15223259354975 0.0326363329960333 -0.00272662917798743 0.0248659182220776 0.00501333018671429 -0.00139801048170814 -0.00977209425678202 0.00985730302447851 0.00208062250650739 0.00352953325333871 0.00248282728590428
CL12_2014 6.70966439169771 0.00567536449751959 -0.00428743250013608 0.00682324356548194 -0.0043786999630912 -0.000382426636135521 -0.00587261151065785 -0.0142268784139683 0.00735614788344812 0.00465324694994335 -0.00343689509609044
CL17_2014 6.09165717715115 -0.000259775500928862 -0.000413147720670025 -0.0190219384314816 -0.00459417259482154 0.00554355188843243 0.0233335745147395 -0.0114745745195221 0.00117420703894879 0.00570990696588238 -0.00586226055179499
CL19_2014 4.83413757234958 0.048037574400781 0.00154457139504346 0.00703110507170766 -0.00504175116675935 -0.0178478703779483 0.0203033049728606 -0.00957696439390031 0.0034057309285286 0.00560725712318407 -0.00869330338850516
CL21_2014 4.71459011294619 0.0298971862994129 -0.00381270877384768 0.00361361871623879 -0.00178668872023664 -0.00956237863371035 0.00486310919414721 0.00626111701810338 -0.00391881152621695 -0.000877150469642812 -0.00552933300341996
CL23_2014 5.7555743204664 0.0503556445387246 0.0030321687230312 -0.0164173150579823 0.014627324242383 -0.000632988169208522 -0.00119008448479047 0.0177351792176842 0.0126089212892046 -0.02517074187968 0.0166054025776748
CL24_2014 6.77356525904816 0.0394708109712696 0.00127149251915349 0.00955726996139479 -0.00238601965988198 -0.00829320419164264 0.00365245859724423 0.00366013756925827 -0.00578018599233373 -0.0154456851171501 -0.00377720001686616
CL25_2014 4.25382528438179 0.0264291314011072 0.00764179787136951 -0.00338581703622776 0.00189654499158332 -0.00702722571761033 -0.00203211270151844 0.0184390421054354 0.00312927911161856 -0.000773436090265708 -0.013952573898047
CL27_2014 6.62127267349492 -0.0505454079734861 0.00462220175242719 -0.00699295326926442 -0.000728400961465292 -0.00229378231717465 -0.00870300086428048 -0.0210840204963891 0.00122831204460135 -0.00713765547170086 0.000162841634612329
CL28_2014 5.66790629083679 0.00556395095488058 0.010607766345418 -0.0106168579614985 0.00577630806599155 0.00104428241250835 0.00338317608063559 -0.00901522854286023 0.00339808657633661 0.024066281681333 -0.0219943578173243
CL29_2014 4.69968461387469 -0.027689322544368 0.00873917797798232 0.00805134864143293 -0.000225663313003773 0.000116378727262498 -0.00798163427961118 0.0043071938987658 -0.00637445363955035 0.0101469867270909 0.00851324718258755
CL31_2014 4.94645345442402 -0.00946990984691497 0.00958446731365945 0.0181928641274002 -0.0067861028258662 -0.0102599076637912 0.0069349601513565 -0.0242691219496885 0.002761280435092 -0.00547143693164757 0.00155762120538147
CL33_2014 4.70883834146583 0.0183169125789989 -0.00785932843085644 0.00545571838501995 -0.00661663075290301 0.00252617217667776 0.0103001779401636 -0.0359155859704133 0.000858864363852051 -0.00651637947137007 0.0108477852526999
CL38_2014 6.13135821971878 0.00125137668604865 -0.00594359403590537 -0.0116883862959506 0.0117350523917263 -0.0114520161877269 -0.00107074256495271 0.00658404745079661 0.0191821552979091 0.01365861951227 0.00301191868230317
CL39_2014 4.62452946772029 -0.0012088476398658 0.00245573424236671 -0.0079024448113228 0.00834979401164125 0.00631156491858862 -0.00215736981295776 -0.0120633078409204 0.0127173796577741 -0.0164151661427706 0.00802823272668348
CL40_2014 4.43342463558801 0.00497848022785023 0.00261937556284538 0.0124262849901925 -0.00358064890972417 0.000409446463859823 -0.00248775355841016 -0.0339694636490217 -0.00908802460524794 0.00345610132362088 0.0278789783458827
CL41_2014 5.09676343877282 0.00202392106460767 0.000766691840424782 -0.0146435812140235 -0.00244816373865808 0.00172462777211031 0.00332560258236346 -0.0213903553519354 -0.00795437239643576 0.0117553632815074 -0.00209831384420383
CL42_2014 4.35387107741965 0.0045802366901881 -0.00867654374986931 -0.000605866706819875 -0.00506835547530026 -0.00589002218816545 -0.00208894666306887 -0.00887020455689366 0.00192417504185852 0.015117626217282 -0.00277718116393387
CL43_2014 6.68144806212611 0.0145524299587392 0.00773178965451254 0.0117988858018473 0.00581900672206315 0.00208039695035297 0.00384334374032965 -0.00800244575273166 0.0028178940549152 -0.0060395930684845 -0.0165367698219361
CL45_2014 4.25985484634141 -0.00342756124500301 -0.0101320608639387 0.00093069025093384 -0.000167130781525173 0.000698591094589827 0.0059722422429882 -0.0056395135053621 0.0127744858409145 0.0104975512008692 0.0102037545378393
CL47_2014 4.91350924942961 0.0166484698531962 0.00453104821760551 0.0145247262158654 0.0100104407588525 0.00711629081424818 -0.00316297536336257 -0.0289711551120359 -0.00466158771059383 -0.00435687883382415 -0.00029960117448091
CL50_2014 6.57073413708997 0.0108190471516944 0.000961520795418778 0.0049953209779685 0.00303889247347014 -0.00718278675497432 -0.0026518277513788 0.0194117858586114 0.0124609751091339 0.00155733920141678 -0.000562063044170252
CL56_2014 4.177478903524 0.0141290698727542 0.00237934282815073 -0.0107318874718 0.0138930716116422 -0.000758590967380583 0.000175899704976151 0.00557382257680574 0.0134445516447563 0.0108820432989128 -0.00792904495338557
CL58_2014 6.49098800635534 0.0420215592387638 -0.0020370601253708 -0.0125180582069777 -0.0119608178947822 -0.00287396695514197 0.00306618308969591 -0.0214535410715413 -0.000598106505958961 0.00222618612531163 -0.00497904735603508
CL63_2014 4.33632105690973 -0.0378357954296447 -0.00338467740869126 -0.00107098245122756 -0.00973337230897794 -3.55440053303451e-05 -0.00543512363427572 -0.020285872960811 0.00862517911287135 -0.0074839464281187 -0.00232802769685024
CL64_2014 7.38779440970027 0.00491880972201257 -0.000797021253646857 -0.00170550105609089 0.0109908451826297 -0.0060578844121336 0.00245096114643228 0.0077938515731739 0.00699231160045987 0.00752560161527804 -0.0082898667105043
CL9_2014 6.90550257509513 -0.0364312027642807 -0.000735507119588985 0.001825054428689 0.00189226639517764 0.00300995605342876 0.00361104579047125 0.00981408514123858 -0.0119473463597982 -0.00497619706441497 0.0030775140377183
LN1_2014 6.71935218650964 0.0193439804088979 -0.00431457570013599 -0.00711190742592172 -0.0117656232584975 -0.00792415547068196 -0.00517332814780608 -0.0180506252700483 -0.00712403344464075 -0.00849086684804355 0.0048587451651318
LN10_2014 6.36854306813482 -0.00965352775894068 0.00446682388735744 0.0140227081008352 -0.00629323429573699 0.0019430449332694 -0.00864130900956328 -0.0157014316349121 -0.0175307882097709 0.00256696247290163 -0.00268713946566299
LN11_2014 6.46924345680768 0.012104491158028 -0.0134693330286154 -0.0145574204830846 -0.000848171620747355 0.00393046560666659 -0.00481731837694175 -0.00624119456267033 -0.00325159627226506 -0.0120488463610676 0.00207370670221657
LN12_2014 6.47622794947679 0.0186734734717677 -0.0073413352879205 0.000855642900071908 -0.0164812076635823 -0.00572383655066359 -0.00853108544694055 -0.0111026883683695 -0.0365433186821921 -0.00145624052038887 0.000420390482815487
LN13_2014 6.88592806642954 -0.00354235359626091 -0.0054013780047539 0.00936866866473447 -0.00646141796513112 -0.000201388305704239 -0.000434947515956253 -0.0214529292367507 -0.0138095845318661 -0.00125979106693149 -0.00109428030049279
LN14_2014 7.0240794798374 -0.00616912177612365 0.00102269180432 -0.00388316073560962 -0.0162453296347598 -0.01565764393136 0.00130649563087839 -0.0128767319402414 0.00224435771742523 -0.0162529677746063 -0.0116025096499112
LN15_2014 6.63868448171297 0.0394574906100881 -0.00832620500843723 0.00966015556003811 0.00224580221790624 0.00541204034827277 0.0037736536836158 -0.0464015225247097 -0.00744516052804124 -0.00398609567732861 0.000678676433097465
LN16_2014 6.66094203371835 0.0291926990750025 -0.00384529020685014 -0.00376067571451115 -0.0116932195396755 -0.00194589665420351 -0.00192457636074516 -0.0315575047110049 0.0111413148678336 0.0137124318168029 -0.00358087100609676
LN17_2014 6.1041085197814 0.00197234486038713 -0.00466766260792578 -0.00352768565793026 0.00235184263005395 0.00618862212244672 0.0057482752336921 -0.0385959353264532 -0.00849558171768832 -0.00325163842076901 -0.00273505292460956
LN18_2014 6.43790873635659 0.0126229888626889 -0.00722253992759171 -0.000227084295182961 -0.00288421986678719 0.00936454531598642 -0.00328575751597814 -0.0200189698470282 -0.000149752733852478 0.00845031078301177 -0.0032835896720239
LN19_2014 6.03894184826557 -0.0190930327610602 -0.00338850975742964 0.00490540806949906 -0.00105746237489441 0.0026173729089386 0.0107578133544583 0.0237518157064987 0.00875234283154351 0.00539214178800285 -0.0121184151551141
LN2_2014 6.4829581481945 -0.00469739948080531 0.0122614002306001 -0.00130135489636877 0.0104908530503723 0.00245223600689821 -0.00237140529902535 0.016078225661056 0.00283322494696715 0.00694790232643366 -0.0187809873945156
LN20_2014 6.65861990107278 0.00029687175446385 0.00413534407477299 -0.0093786166595629 0.000881899351755251 -0.00190985209035112 -0.00579631061503135 0.0437556826822249 0.00703415519974768 -0.0104914758450483 -0.00686673055892936
LN21_2014 6.56907778514826 0.00153422350720116 -0.00389738814006984 0.00696859470233267 0.0102852964566728 -0.00160995848116813 0.00812059995189483 0.016428771175681 -0.00167752024009862 -0.00814274090902385 -0.00530504808296011
LN22_2014 6.56216795098246 0.00507174807473554 0.00190322061151642 0.0141466124723654 0.00532638306505907 -0.00475045972225816 -0.0107033550794036 0.00843271580204318 -0.0139791967452023 -0.0022275661120903 -0.00145097381506195
LN23_2014 6.01052151648876 -0.000850402572323619 0.0064732241392503 0.0181225857998687 0.00593988212190963 0.00129336109877722 0.00289494331594444 -0.0145167043125371 0.00988958313416264 0.000669026957574168 0.0227838401263317
LN24_2014 6.41519099335215 -0.00950827565734163 -0.00262784139076002 0.000289398339119347 0.00741907087072793 0.0157077194504777 4.77734198653571e-05 -0.016116780388741 -0.00370872492317379 -0.00384531129780197 -0.00678298265290723
LN25_2014 6.83428832802664 -0.000322049090880503 -0.00720844011578197 0.0058247212553441 0.00734328118943567 -0.000313786920441355 -0.00274241200323213 -0.00333291034824147 -0.0119102487334645 0.0138272516927384 -0.00606869001772119
LN3_2014 6.48622072326219 -0.00761500848580835 0.00122121250450947 0.0201758819900707 0.0199427537417952 0.000387801302711519 0.00214515073771244 -0.0114293022822334 -0.0183485229501297 0.00994307458273003 0.0125694516359485
LN4_2014 6.87516523884496 -0.00661839108658964 -0.000196490612554382 0.01224396336261 0.0152313283558886 0.00837035153130807 -0.00971805054388157 -0.0410578913936103 -0.0270587870200514 0.000877026708785165 0.00352530217365561
LN5_2014 6.44963261637294 -0.000376610436167235 -0.00133380468629344 0.00874059682029738 0.0078047720627961 -0.00451304990698708 0.00126921287561924 0.0197799992464519 -0.00438148728542085 -0.000819677275662882 0.0029530846798186
LN6_2014 6.6798214184141 -0.0102539173074182 0.00808755292386517 0.00283031158336815 0.0117690704174223 -0.0026031863739174 -0.000578882064678216 0.00878413909894165 -0.0211552839789643 -0.00499391799723869 0.0191766606044022
LN7_2014 6.14351268934673 -0.00211876913516527 -0.00116725599874433 0.00856573371606433 -0.00320520804336224 -0.00558795115714506 0.00302144859816099 -0.0159850848112878 0.00888098579280538 -0.00521722401441297 0.00840617780041976
LN8_2014 6.91499758350637 0.00298675646922246 -0.00123372406470705 0.00248251861910992 0.0116033833445688 0.00665677569328413 -0.00674903987920484 -0.0134881395305105 -0.0118419104254109 -0.0035257550329964 -0.00491793473383062
LN9_2014 6.68438631732266 -0.00257039087872219 -0.00602994855953834 0.0111880191332861 0.00955951283773079 0.00199703641230189 -0.0141080657688272 0.0219186754544114 -0.00243311166286824 0.0025497054176064 -0.0135170211969807
MH10_2014 5.67709981097578 0.00272544169445064 -0.00278456048911725 -0.0035421950734083 -0.010213059215443 -0.00215766955630643 -0.00563538608392556 -0.000722808405768562 -0.0110235103951455 0.000922633273659105 0.00320453882007084
MH11_2014 4.74174129360265 -2.83272119564243e-05 0.00290420394220631 -0.0150529121574312 -0.00515778613041583 0.00567805021271794 -0.00209891718243499 -0.0120004979650255 -0.00794137648596549 0.00579388367525846 -0.000187198333892894
MH16_2014 5.51823226411859 0.000929249429076922 -0.000339558321153031 -0.00996252678619421 -0.0148881174313025 0.00151554076018379 0.00697207274405957 0.0186664190932405 0.0067063311660207 -0.0102111656593073 -0.00184273088709785
MH19_2014 5.66026284754851 -0.000899233445063773 0.00900779670121097 -0.0106646591623583 -0.00968226305362209 -0.00307437406310988 0.0116050982636065 0.0207743124273886 0.010232088926642 -0.0108720046648838 -0.0133316881394539
MH20_2014 5.0890811048961 0.000478675862704354 0.000251979362419171 -0.00539188649328117 -0.0211378106311104 0.00466892784111597 0.00998434238615501 -0.0168627491859849 0.0275504716843337 0.00472304122826475 -0.0142133037990235
MH21_2014 5.02567944710105 0.0103995928621129 -0.00610859017286143 -0.0149134190927911 -0.00389508368024869 -0.0104441574100767 -0.00746513731663471 -0.026983433220562 0.0217992663649733 0.00819064252984788 -0.00302467082341624
MH22_2014 5.50163459397306 -0.000419667980987794 0.00265514417836105 -0.0217767615898227 -0.00311200266251725 -2.33746761608036e-05 0.00435020004152319 0.00421031637359678 -0.0104238710852954 -0.00345307783512415 -0.00113414274438194
MH26_2014 6.49868080177979 0.0011091335661261 -0.00354465455794427 -0.0105385690158724 0.00510165143934603 -0.00529740453916312 0.000667569282227731 -0.0117356856305838 -0.0110141795155781 -0.0122499957413637 0.00185207224521833
MH28_2014 5.20838277357965 -0.0019705551787359 0.00905747668997266 -0.0127469354385135 -0.00566839185225488 -0.000925981731623378 0.0011641256516497 -0.0405544105220608 0.00210700945842116 -0.000159726080666412 -0.0100283047564933
MH29_2014 5.14473550806084 0.00897043557518611 0.00201678413858929 -0.0249701188249704 -0.018626740516601 -0.000138147177588199 -0.00694032907292056 -0.0174555415678442 0.0224460383818037 -0.0118749317051393 0.00672918038633653
MH31_2014 5.23569541323741 -0.00698812901014478 0.000685256576786282 0.00718207782375772 -0.0185355412948686 0.00170546191487267 0.00435329413479528 0.000940163298331676 0.00249672379042532 0.00491427510174667 -0.0024499547298308
MH35_2014 4.90199119823935 -0.00378326367770313 -0.00374420391270002 0.0110690109306377 0.00449071515890597 0.00333555224972791 -0.0183330541810431 0.0105713709642938 0.0124622903789526 0.00154624680618323 0.00309650832240129
MH36_2014 4.79595059495858 0.00592022783196531 -0.00527679375727068 0.012520231807511 0.00210575810203383 0.00858752381000326 -0.0123140202119047 0.00725801499161256 0.0256268238347785 0.0119497934569652 -0.00633145776511949
MH5_2014 5.36813122553416 -0.00682702960259444 0.0101769844894712 -0.0102018492633961 -0.00498548769144068 -0.000101472507723095 -0.0107840808968136 -0.00564010480773201 0.0121004175890387 -0.0113882078202356 0.0146501218046122
MH7_2014 4.91345388372925 0.00341435063465428 -0.00160710054400522 -0.00471397906355071 -0.00145331282539135 0.000737939874470027 -0.00326366302167447 0.00848973393453223 0.00267757272042964 -0.00627207069906412 0.0124424661593291
MR1_2014 6.20582934756039 0.000294505220451786 0.0120084377295155 -0.00534542446010408 -0.0107848978181733 0.01020087013797 -0.00173022775390762 -0.00870335057030619 0.00588943529484385 0.00167466285311885 -0.0218800499240644
MR10_2014 6.49038738120992 -0.00944614833637819 -0.0146203362361244 -0.00676127185173467 -0.00586234853911048 -0.00177208847734379 0.0027916733712641 -0.0145850995939666 0.00525158889211811 0.00852181858633682 0.00873079417314126
MR14_2014 6.38017814076348 -0.00593576153598593 -0.0132451341682197 0.0107485419798379 -0.00417390213848833 -0.00323726892059529 0.00334317658496051 -0.0114739297306073 -0.00191180682486141 0.00515420255495871 0.00646237958049833
MR15_2014 6.19036271976608 -0.0120313225585939 -0.00506159894312248 -0.00186368323344791 -0.0039182497383208 0.000405699259686429 0.00766970472714571 -0.00595112338982805 -0.00436686184948832 0.00848894947853203 -0.0048673242445389
MR17_2014 7.00317173647674 0.00212363989559663 0.00617583322391058 -0.00587163025093982 -0.01422704122229 0.0223833363597901 -0.000704437606629344 -0.00958702197312952 -0.00311122659385878 0.00110219315273986 -0.000324649229934676
MR18_2014 6.53031343826022 0.00718441715144811 0.00221273502396864 0.0155527943888012 0.00188461152847286 0.00863729523051826 -0.00662290307264963 0.0171597126720488 0.013927237356297 -0.0155159263975522 0.0229213023497683
MR2_2014 6.42622422441301 0.0101325297742088 0.00373138246633909 -0.00707485938560858 0.0127187282384116 0.0025210396688221 0.00886801445367096 -0.00259727744375748 0.00295895895542619 0.00786567241825247 -0.00232835958221241
MR3_2014 5.96009886402147 -0.00388460447198443 0.00594656089177955 0.0351371732415136 0.021011174851808 -0.00222969613542306 0.000500600938360188 -0.00624925597145662 0.0105717199471914 0.00476774822375639 0.00526811505910279
MR4_2014 6.43770589763996 0.00359758999702657 0.006079071017967 -0.00621727620434637 0.0158990674365143 0.000428486182291505 -0.0254748337081659 -0.0031505042462274 -0.0030376231975246 -0.00658579455703071 0.00471667264337547
MR47_2014 6.26329243099361 0.0046175720249039 0.00393049549001867 0.00140765710102218 0.0195039738314805 0.00889917324574727 -0.00388711863696 0.0112737503893216 0.0104577575852189 0.00593401530191723 -0.00923126431307952
MR53_2014 7.26938938264642 -0.0109503705590659 0.0102775842926745 0.0037665210939638 0.00742751616009168 0.000949630121680644 6.04716169257508e-05 0.00133117742594373 -0.00831654332346105 -0.00406990393722424 0.00471074450634449
MR57_2014 6.81026744468015 0.00061010760468615 -0.00457248313309363 0.0115141022435265 -0.00680224486628708 -0.00424596314043365 0.00466653857222149 0.00917414730202178 0.0187462198420405 -0.00314494191892536 -0.00121089078813646
MR58_2014 6.71130754741524 0.00731951969183044 4.95374497869408e-05 0.00270615873773615 0.0104983840828576 -0.00579390768887681 -0.0160429838659789 0.000579929565706727 0.000175864691650119 -0.0113049530798229 -0.00588713343937023
MR7_2014 7.68596382634236 -0.00753830193826046 -0.00864586413348511 0.00523956009153954 -0.00537797316479916 -0.00494789670370848 -0.00650089146448308 -0.00143060853640877 0.0222286369483068 -0.00714964569787342 0.00517614988905609
MR8_2014 6.82790385246129 -0.00320437005567388 0.00717065753935261 0.00595977260087278 0.0105855990488912 -0.00256274052755912 0.00592334863676542 -0.0114827955286013 0.00381590492380422 0.00995462345795516 0.004044358502331
MR9_2014 6.32965163646932 -0.0105519040045699 0.00718385923671938 0.0069976839328001 -0.00697596222359277 0.04867234738433 0.00835279377421208 -0.0104403717467587 0.00528954551317573 -0.00889221197410234 0.00292318165947717
RT20_2014 5.27500960081009 -0.00352068630998589 0.00321818573078184 -0.00659878172931728 -0.0136633795773504 -0.013087460935523 0.00778222673214528 -0.0155297619125535 0.00925183770466704 -0.00209075056035593 0.0161019526176278
RT21_2014 5.08560231398333 -0.000337974677264795 0.00337905482979595 0.0144553680339525 -0.00560616197417589 0.0154426844450739 -0.0128689928343257 -0.00380212647316151 0.0153115759619176 -0.00150804696938767 -0.00383166317650126
RT22_2014 5.21330022728111 -0.00253889129802865 0.00386356944339075 0.00311056940614748 0.000403684405343041 0.00563579624042016 0.00439151509247119 -0.0123046963911885 -0.00745683255628083 0.0148444885682688 -0.00463007496338684
RT23_2014 5.25338076367771 0.0047571857407154 -0.00500543406638596 0.00183798518217084 -0.00187941226569737 0.0470379302140243 0.00981842968347852 0.0229318550834933 -0.017317957903051 -0.0113757826902258 0.0017489013185384
RT40_2014 6.28439490507335 0.00033505686044156 -0.00286109843389135 -0.0107931760333981 -0.00258221225626982 -0.000819442421919072 0.00194903850221849 0.00243403858074557 -0.0104587712672538 -0.00154973902861225 0.00986923708134774
RT42_2014 5.0864600381617 -0.00500656918829017 0.00645782060301307 0.00427537308236063 0.00472575415045181 -0.000590612809464709 -0.00581472477939717 0.00694192389159361 0.00331033236791162 0.0108216755075517 0.0118422463385368
RT43_2014 5.20779007020121 0.00571769584006625 -0.0117038156210525 0.0137986094746284 -0.0183172365696991 -0.0127536436573413 -0.000312832402907311 -0.00654373800892065 0.00645151534202594 -0.023025782273493 0.00717089966409803
RT46_2014 5.29573389524441 -0.00645774748400379 -0.00776860532859507 -0.00711275369685966 0.00528095363674029 0.00707317090201549 0.00404983576024557 0.00340424992390972 -0.00844867743556969 -0.00922537008454504 -0.0110296230593149
RT47_2014 6.86326457664651 0.00028709361939633 0.00221552195281222 -0.00207471529558326 -0.00106498265618525 -0.0146257842174587 -0.0079955235650789 -0.000390912815164504 -0.00382176130795894 -0.0065149497708027 -6.58433112885972e-05
RT48_2014 5.38134159561287 0.00164911562298288 0.00131558960204647 0.00518706363731284 -0.00419737095042592 0.000896741581034709 0.00645636132005175 0.0095439961639626 0.00156508750395858 0.00468232989040789 -0.00130523024485865
RT49_2014 5.48456574191216 0.00552618986454661 0.0228519796896313 -0.00369800075370094 0.0121470970465422 -0.023943123611491 0.00469977896517388 0.00508638934415865 0.00720340814301628 0.00747340171818183 -0.00376368715550921
RT50_2014 5.99605568229935 -0.00150182327983933 0.00489650398458492 0.00130720048933197 -0.00800982159821341 0.0282166588559883 0.00559408348891998 -0.00248967204379767 -0.00292636143116417 -0.0107293207033146 0.00351045074764347
RT54_2014 5.69859386853287 0.00537046185062855 -0.00751583587960218 0.00172186809789576 -0.00699890515733406 -0.0183821019446457 -0.0034958261706563 0.0181865174708092 0.0126970767117911 -0.0065323644734714 0.000128210327834616
RT55_2014 5.16925951325027 0.0041650285401216 0.0121276961389282 -0.000440928863733008 -0.00379770563771204 0.0252100545794023 0.00149158701047889 -0.00812344105688402 -0.00687351685277005 -0.0064434504533945 0.00579267431445509
RT60_2014 5.39249043678999 0.00561641283129609 0.00593869436490415 -0.00270345867735795 -0.00163150039710325 -0.0102988441579857 -0.00386232307151369 -0.00111781616685179 -0.0160059765678363 -0.0257862984463433 0.00625425324039715
RT62_2014 6.71361736604495 0.00243716351282962 0.00247303214596572 0.0159648068545653 0.0025812685661802 -0.0461618986318144 -0.00623301911529192 -0.01439511564379 0.00283165210933643 -0.00679544375238497 -0.00323534417099438
SF1_2014 6.8082770774992 0.00367898764146214 -0.00485611206311539 -0.0115748068836663 0.000627397199407789 0.0110609140463847 0.00230692484500739 0.00032996259972737 -0.0210248164265398 0.0098842068076255 -0.0017616184013696
SF10_2014 6.03162412238593 0.00115208348188405 -0.00258348978064646 -0.014160049399597 0.00642918477140023 -0.017334448094726 0.00175771063082744 0.0243153678499925 -0.0105816545215585 -0.0144532642361204 0.00463638218873045
SF12_2014 5.81813379298984 0.00782729292523057 0.00890007005517917 0.00653008241029962 -0.00165111405820915 0.0289476870021487 0.00345053770500879 0.0119395866251411 -0.0137547611075172 -0.00949964714433921 0.00387746225526581
SF2_2014 4.86004550466524 -0.00239122684204503 0.000117095685647658 -0.00245149315178868 -0.00107338714248917 -0.00276494633466628 0.0114369764557817 0.0118175399844804 -0.0190438103560773 -0.00264312730949559 -0.00832031967879681
SF22_2014 5.71146660815488 0.00642100995908267 -0.00889543710821618 0.00121188292915985 -0.00352280490765649 -0.00779095396617705 -0.000767581420122153 0.00318234372010218 -0.00270978613041887 0.00027341467860063 -0.000233495183342983
SF23_2014 4.6490500950441 0.00810686221238815 -0.00602378420009582 0.00268674937683764 -0.00594579541248776 -0.00354634526833416 0.00615134853066657 -0.0182764651333601 -0.0107553683060508 -0.00681113291558227 0.00469008872549327
SF24_2014 5.06372780038855 -0.00259142934719458 0.0184022065160597 5.34583135131946e-05 0.00705001569969746 -0.0211362480449559 0.00117328894905568 0.0142579902258431 -0.0148314297307983 -0.0124133635129383 -0.00645713750339638
SF27_2014 5.235127996338 -0.00273436777474563 -0.010244821345651 -0.00143080720781085 -0.00879355081135726 -0.000724868497483186 -0.00214744579482916 -0.00415411664545503 -0.00670462764951049 0.000587906023045292 0.00281811628192508
SF28_2014 5.73374077779177 -0.00369355805361834 -0.00144272716674288 -0.0106086891520283 -0.00380081573786356 -0.0103128276492313 0.0229574510164656 -0.0159581637141601 0.00712637787751645 0.00955546925032518 -0.0142629446993329
SF29_2014 5.20004339009614 -0.00225351147822107 -0.0372988476438042 0.0109743728774938 -0.00556529671923103 -0.00929021062689301 -0.00128310878157552 0.0136432240890781 -0.00132099978845042 -0.0113271297471843 0.00258590384830255
SF3_2014 5.08784160137139 0.00902834998462971 0.00250597891492116 0.00697271741346045 0.00660232330778125 0.015941848093423 -0.00476098890403563 0.0197400458401816 0.00610859806343714 0.0107516193202109 0.00561442518745639
SF30_2014 5.1814394912691 0.00855648942121222 0.00348729627017198 -0.00652240958728568 -0.0026787551058875 0.0143764663664081 0.00279362245666849 0.0081881877850605 -0.0120122586430086 -0.0169888411788642 0.00452091485791866
SF32_2014 5.40427891932684 0.00611261173253183 0.0271236029224282 -0.00355699929515017 -0.00927202041862425 0.0272648002702587 -0.0108733081970885 0.00170215941070755 0.0150407256086521 0.0049394686420256 0.0112387024915451
SF33_2014 5.05255360813381 -0.00195853803114976 0.0102454009463584 -0.0150844790021916 -0.0101332933103327 0.0105779603464407 -0.00152671533353916 -0.00711150894766602 -0.00997878471246513 0.00913957342257039 -0.0093026042683575
SF4_2014 4.88129307293968 0.00844180067487268 0.00319352881021683 0.00240807516780151 -0.000438939760563509 -0.0135710654643317 0.00118196193143061 -0.0129047560545434 -0.0255285613920198 5.60825417917144e-05 -0.00211043023496718
SF5_2014 5.18335467653497 0.00856607928599721 -0.00315903904426801 0.000417096467327022 -0.0106768507755456 -0.069406911234996 0.0146989528345097 -0.00956009892737002 -0.00411632307891776 -0.00412041985014231 -0.00639565412608027
SF58_2014 6.14042131502904 0.0156239377012443 -0.00305592598009972 -0.00378337367314573 0.0160774801315274 -0.0387247674574517 -0.00489875207001594 0.00649577997930431 0.00883552031178608 -0.000653487450116651 0.00733509593122377
SF83_2014 5.40210584308748 0.0249330148690922 0.00161858420234502 8.98380401148723e-05 0.00960645287448605 -0.0201244593071314 0.00471050433091107 0.00209086420358734 -0.00994221645684009 0.00100375065928373 9.28779778999228e-05
SH1_2014 7.01969391753128 -0.00349463068569077 -0.00957988124390985 -0.0097774656420737 0.00844647408221305 -0.0466334430524775 0.00573587206439003 0.0140131803793769 -0.00112809804097728 0.0109516596306731 -0.00164693594857939
SH10_2014 6.62624903058876 0.0135454141040237 -0.00504781444503341 -0.000155959754560058 0.0049179883019579 0.00581126281647247 0.0061459427477808 0.0106324445364979 -0.00602895440137891 -0.00733565669267315 -0.00410535510110154
SH11_2014 6.79123336592347 0.011118147867242 0.0040919124510554 0.0250348296491656 -0.00141077798777605 -0.00888857218732703 -0.00305512086876608 0.0033595547807571 -0.000466114658684397 0.00204699412490812 -0.000473851617755621
SH12_2014 6.61155922679651 -0.00621946101675286 0.00523428039903054 0.00245412764294659 0.0040169315587971 -0.0319583209177586 -0.00716204543482234 -0.00268397856520101 0.00654126835469465 -0.003029910042639 -0.00366765462062957
SH13_2014 5.75099780598555 0.00993503134535874 0.00513140155939525 0.0110274009563441 0.00836885285230552 -0.0227253201606484 0.00797538015271896 -0.00292009504993156 0.00954646483489186 -0.0230395826280071 0.00293612698062418
SH14_2014 5.32996278118494 -0.00163056138955299 -0.00836055412511151 0.0080995388112902 0.0109331086822512 0.0176840298340896 0.00137633279392693 0.000756764436856075 -0.0039790099541085 0.00460916173096923 0.00664497943184194
SH16_2014 6.53734158507525 0.00950159491787794 -0.000841087237241408 0.00558765598738873 0.00548002616229255 -0.0412980587547249 -0.0128235288389953 0.00325969554696139 -0.00101326443294236 -0.0133022732578931 -0.00173932376351545
SH18_2014 5.98100490125483 -0.00119159184314513 -0.00489084765171959 -0.0156447793032138 0.000518270994230155 -0.0287168165791698 -0.00153805044803696 0.00542688651550744 0.00988064772860803 -0.0010819307545753 0.0262130171724097
SH19_2014 6.21404209821151 0.00410235838153336 -0.00205192476003952 0.00224223013009353 -0.0253118497433968 0.0031791093642548 -0.00382803158410401 0.0102316452428408 0.0057851930608969 0.00845832228312297 -0.00611325575097813
SH2_2014 5.88650567576765 0.00666398443431171 -0.0109378165437552 0.00828514852540002 -0.000328976204000657 -0.0406969436705904 0.00991156794729339 -0.00564782042937315 0.00081582719003722 -0.014562424925792 -0.00181314692213245
SH20_2014 5.93612328094385 0.0195555189676191 -0.00325140652196923 0.00986375958490265 -0.000469234864845472 -0.000136419284020237 0.0100876445973773 -0.00469362125692292 -0.00954659309958196 0.00912454622490148 0.000508842130926181
SH4_2014 7.09580433189659 -0.00821456213874558 0.000739964524588159 0.000763735545780356 -0.00129874987370952 -0.0133242128572498 0.00143748975201639 -0.00178150432684852 0.00425784599847027 0.00533923923946134 0.00338460238294943
SH5_2014 7.5809988352571 -0.00123574978758704 -0.0160544098235698 0.00962025438902814 0.00487154218636674 0.0587266709249252 0.00675651646797597 0.00311832276778411 -0.00151790044443164 0.0118393765726936 -0.0141091880735299
SH6_2014 5.92762107778239 0.00315556229921275 -0.00619397109932759 0.0268537514394214 -0.0033063484580683 6.13722795699692e-05 0.0080406475141145 -0.0111751658832243 -0.00266269774676732 0.0188248567916942 -0.0185411769352018
SH7_2014 7.07370303156943 0.00805635046290468 0.00476089074347764 0.015267108672604 -0.00196746022378191 -0.064165739470314 0.0055271765627299 -0.0095380229539189 -0.0049468261935457 0.0113495055918186 -6.98477127317931e-05
SH8_2014 7.16810209029372 0.00363982991406418 -0.00768307051970679 0.0106803673094736 -0.000819691438202679 -0.0363743819291741 -0.0054994855625429 0.00362272974143877 -0.0048781308501644 0.018332935316813 -0.00203786104204887
SK1_2014 5.90888843000854 0.0101542345433708 -0.0018536864084961 0.0107291645473514 0.0193042466218699 -0.0287859620094365 0.00952137572056358 0.0101410252038657 -0.00295188186432942 0.013875776001598 0.00143709122051126
SK10_2014 5.83939660700816 0.004886578345007 -0.00371234501494224 0.0155920078085604 0.0261397379673742 -0.0456806902527446 -0.00460228843203977 -0.0116408559828106 0.00151312649797079 0.0102274629393118 -0.013604050200079
SK12_2014 6.73032375784517 0.0145363431334562 0.0137002281472791 0.00557585804298278 -0.00564042947514312 -0.0216580392720705 0.00696069825791158 -0.00890709459484721 -0.00403014219206975 0.00202382838103436 -0.0128560658148267
SK13_2014 6.66179851678819 -0.0192390020381758 0.00475538972605795 -0.0081246706414136 0.00195261999102555 -0.0119399515309024 -0.00233693742304489 -0.0123760988513229 -0.00770050645496254 0.00405299157954613 -0.00763352174803088
SK14_2014 6.64014271959978 0.00557646332128026 0.00359923252496247 0.009742319880978 0.0051196189877901 -0.015801184178006 -0.00931947497341456 0.0024189136032986 -0.00537534410566322 -0.00204018829383321 0.00601272820871857
SK15_2014 8.72484998446872 -0.00584610010424856 0.00324368318738177 0.020978711111004 -0.00874926893756732 0.0475998009647497 -0.00708234416095185 -0.0357707349831861 -0.0191931470815387 0.00603032961944426 0.00683061260943474
SK17_2014 6.5294027309368 0.0335999296815163 0.00907498532723654 0.00482970867180894 0.00673070520022195 -0.0105000243548032 -0.00594764880181255 0.00803860158448019 -0.000859846785361438 -0.0109833539719361 0.00376845913763246
SK19_2014 6.25194982546876 0.00139996489117808 -0.0088858582131776 -0.0104598060470882 -0.0152547809684045 0.0251548668569143 0.0016452122993756 0.00157899501447092 -0.0125854964251783 0.00534801323121977 0.00149812465198989
SK24_2014 6.78540655158144 0.0150021581340941 -0.00518218360087529 -0.0105504985131648 -0.00451546902638073 -0.00460608554698272 0.00867879455010075 -0.00529628976702655 -0.00374279458194778 -0.0117143410125349 -0.00425974231496034
SK25_2014 6.99504344806145 0.00477477794649529 0.00407782330098554 0.00358925609242351 0.00405650838269556 0.0438774352259617 -0.00119566729109593 -0.00873742735355311 -0.0146330899526908 -0.000193726495777918 -0.00846568330131368
SK26_2014 6.36615983512658 -0.0133954443424741 -0.00575148793601463 0.0120815701647168 -0.0134643277517013 0.0401280464836265 0.00782544955001125 0.0127512259618685 0.00189078668485896 0.0102358930242071 -0.00385480678880155
SK30_2014 6.42128640455012 -0.00847256048779046 0.00822223553288809 0.0109456507455372 -0.00995600107502219 -0.00420569163031393 -0.00484862382003968 -0.0046608779398759 0.0162402075772584 0.0159437823810899 0.00383517636576638
SK4_2014 7.26526569820491 -0.0302112509200942 0.0071082589069861 0.00723746405290071 -0.0113471920160487 0.0288535910574674 -0.012349198308697 -0.00953810693851864 0.00743674289902003 0.000821407309708713 0.0132404348143919
SK7_2014 7.54167427105723 -0.00785406367918722 -0.0059051604309761 0.00166511876552513 0.00199018465364099 0.0413097328815835 0.00452025872474715 -0.00507313811089063 -0.00877243306305464 -0.00541094255949903 0.0105892008243069
SK8_2014 5.98223122533943 0.0174191787401596 0.00348921154344363 -0.00916349599905419 0.00194715326158903 -0.0412470986074349 -0.00741514651969822 0.0222135328221912 -0.00602439563126738 -0.00303964973462197 0.00253956524662576
SR1_2014 6.15831582601579 -0.00264862186612758 -0.00415939833123313 -0.000632026360914991 -0.0146817884663977 0.022499793796019 0.0192924532486271 -0.0222758018313513 -0.0038899357896096 -0.000976053660594823 0.00803014353209403
SR105_2014 4.98695510404926 0.00146928989317724 -0.00769485559768601 0.0016758367118804 0.00481598949243874 0.0180857368082572 -0.0104600652896086 -0.00779178632800757 0.010547557726603 0.00167882873012485 -0.0157912771871961
SR107_2014 5.27339296209237 0.00610006922286602 0.00353535056755432 0.0120970868349397 0.0154676546352185 0.0156570466542793 0.00867578418593947 0.00171168331066538 0.00499052631594813 -0.00788479031393994 -0.000752220353281148
SR113_2014 6.83231740608677 -0.0179168477230474 -0.00759513034852059 -0.000469995403090976 0.00924290071340624 0.00602972105070427 -0.0156601680345916 0.00321403735422992 -0.00662199666259899 -0.00165838939585023 -0.00612649425408709
SR114_2014 4.80609242873626 -0.0288899121066567 -0.00457156625790759 0.012520611362182 0.00774384146620244 0.0394197122813688 -0.0174358533168078 0.0079150454105568 0.00770124877576678 -0.00243075015134156 0.000283306067257942
SR120_2014 4.68797577837238 -0.0173470641714943 0.0018948686561325 -0.00598006265289903 0.00221809073229692 0.0242680342199615 -0.033887726951093 -0.0248268507843151 -0.000445941354303574 -0.000943247092712344 -0.00558649234395251
SR125_2014 7.52029954553586 -0.00569548516622722 0.00773056586214065 0.00252491028385563 0.00127359436534278 -0.0293438258026498 0.0127170939011194 0.0176339372619157 -0.0186609220120595 -0.000496541061419531 0.00369433360485076
SR128_2014 4.11891846735023 0.0217350840099976 -0.00705384596290194 0.00502177206321354 -0.00410860111109362 -0.0283719298060883 0.0110049012322223 -0.0142499238851347 -0.00244704739783642 0.00128830225127135 -0.010450723846472
SR130_2014 6.66272393107759 -0.0159821953885381 0.00275091902815945 0.00181848541240849 -0.00412566450440446 0.01047423817113 -0.0059410514886654 0.0098303223709896 -0.00327673170211401 0.000150038265753643 -0.0134317340218876
SR131_2014 4.41316553051749 0.0246684459464565 -0.00365494443990323 -0.00683224666695304 -0.00831112931235909 -0.00683591949628857 -0.00757431372109688 -0.00339561712581258 0.00710752797383901 0.000486953406941334 0.00461578185714796
SR133_2014 5.4050959534923 0.0188943195748247 0.000478975533757187 -0.0144274575327473 -0.00106083993108614 0.0249534441262498 0.0186361470796385 0.0153789823110101 0.0049678949841891 0.00442173186151441 -0.00569955768353309
SR137_2014 4.60309014966445 0.000849417316494658 -0.012219246807859 -0.0114467862275943 0.00454149369799364 -0.0127302732201579 -0.0190407538748071 0.00603307673668842 -0.00773881270420365 0.0171340025683763 -0.00927113917347645
SR141_2014 5.25248921011916 -0.00874813164587402 -0.00575028076957609 -0.0151663851980021 -0.0033660798951089 0.00154461542449372 0.0173097079751307 0.00891617271224295 0.00768950780947139 0.0104237607087629 0.00101302835689144
SR144_2014 6.10898334224158 0.00914211782083351 0.0026397079918018 0.00304636797042017 -0.00208172907812584 -0.0128395154243773 -0.00642514450463588 0.00962565645265726 -0.000629482867784338 0.00220286716688617 -0.00175512928904765
SR148_2014 5.03596554823799 -0.00306361672811418 -0.000396550776481009 -0.00240740176194309 -0.000477396768567652 -0.000578058309895455 0.0236955790024279 -0.0133942713476904 0.00756227543830896 0.00993306561404946 -0.00116598822894396
SR149_2014 5.20313272769 -0.0101154820655714 -0.0075242306054532 -0.0171362578722518 -0.00213728607038816 0.00103596622411402 0.0179407345294276 0.00473683972471776 -0.00489595077429684 -0.00224159934997635 0.00302379502181337
SR159_2014 7.46490695491563 -0.0172503640672462 0.00144482032027281 0.00617074205088088 -0.00763562772761301 0.0286894720018381 -0.00497308532493876 -0.00725437394883828 0.00114073291043082 0.0018204131888532 -0.00226279249120826
SR18_2014 4.9337906923506 0.0279564329153717 0.00845340917080992 -0.0141942960728991 -0.00862694185214042 -0.0366668213474364 -0.02490813358741 -0.00405677953793015 0.00562199641526707 0.0270564882667997 0.000506981939860764
SR24_2014 6.50495580972341 -0.0350549360250927 0.0013022944626452 0.00490166856456413 0.00465339857912971 -0.0104196601010344 0.0285041487898888 -0.0109811052196317 -0.009475215872892 0.00251283912360339 -0.000563217882961101
SR25_2014 4.72979527462026 -0.0146991067490878 -0.00327957069536721 0.00839974021775032 0.00554689795636547 0.00445108536794415 -0.0178728499637754 0.00771442746698749 -0.00240503289536597 0.00324799361695287 0.00849822183471837
SR34_2014 6.55711367167156 -0.0158053281294559 -0.00954163127505559 -0.011258504628723 0.0253464669373843 -0.0354012859728253 -0.0227177116873538 -0.0122297796472747 0.00187877567064148 0.00392756398320737 -0.00619836932440256
SR37_2014 8.87083714383613 -0.0208973154002936 0.00839376382474755 -0.00450411952221626 0.00597003336707642 -0.0122561038011973 0.0162094786580656 0.001719478754845 0.00136034319799378 -0.00443243445964745 -0.00543799585245493
SR45_2014 6.28412984028755 -0.0348191432854093 0.00439429738809752 -0.0168926814076353 0.00351600317343013 0.0367412502291907 0.00617804526650391 -0.0100233208022929 0.000734285917431972 0.0037416013006392 -0.00520301054593766
SR51_2014 4.67222348199485 0.00811317131477454 0.000735907605174786 -0.00734545676137461 -0.0138118268476249 0.0357963448440294 -0.0327431376952467 0.0249124488274513 0.00309148530366691 0.00827555740281988 0.00829970999915929
SR58_2014 5.45599277846424 0.0175269477337865 7.91363716469586e-06 -0.0178811819924076 -0.000865981191571643 0.00341669031643378 -0.0129223408379074 -0.0136321560506265 -0.00541450676694843 0.00779182993053158 0.00152509674865201
SR80_2014 5.15063835762629 0.0231558494759008 -0.00179971912838273 -0.0101507451739801 0.0093105774093498 0.0315242925409309 -0.0202837078474854 -0.0101580392134995 -0.00264588288314329 -0.00558605971823768 0.00865263201271714
SR88_2014 6.1176700057083 0.0252452029012534 -0.000271618215824216 -0.00360783839441619 -0.0105318741495361 0.0665958960707508 -0.0245118931458959 0.00456897363404343 0.0160028126968632 0.0194103039887595 0.00336687434488189
SR89_2014 6.09132625764965 -0.0210618203866161 0.00111697355774925 -0.0094145314157529 0.00858348284641633 -0.0320601891096015 0.0489267489117014 -0.00477126232342831 0.0203158719446288 -0.00431590373139592 0.00176264565520395
SR92_2014 5.00239726375959 -0.000525710000387544 0.00128966237940468 0.00301714121598083 0.00320268700996585 0.0155089882978461 0.0315476986019297 -0.00931138938574079 0.00225609216540217 -0.000668439874642796 -0.00443280338593992
SR96_2014 6.16415133756134 0.00258259242435644 -0.0125887254499667 0.001987604912796 -0.00178650125624558 -0.000926055478288433 -0.00725599439617692 -0.00242556290047251 0.0225448351977162 0.01146970447977 0.00729336665359279
