id isotope_d13C isotope_d15N isotope_d13C_resid isotope_d15N_resid isotope_CN_ratio
AL1 -18.71 14.42 -0.259937256332861 1.18524792885222 3.240434669443
AL11 -18.73 14.36 -0.246594020385074 1.15859116480011 3.27377790539085
AL12 -18.16 15.07 1.13113528794468 2.37147427099553 3.28510938602682
AL13 -18.86 14.63 -0.387422031633368 1.41776315355182 3.26294989414255
AL14 -18.64 14.44 -0.103977553512626 1.29120763167256 3.3263943722633
AL2 -18.57 14.43 -0.119581523517631 1.19560366166755 3.24079040225829
AL21 -18.98 14.8 0.281565774888927 2.07190475793978 3.25553987297107
AL22 -18.89 14.39 0.391897788038856 1.6822367710897 3.275871886121
AL23 -19.01 14.61 0.268174257411211 1.89851324046206 3.27214835549335
AL24 -18.21 15.3 1.18166054097368 2.70199952402454 3.38563463905582
AL29 -19.16 14.66 0.134575520238471 1.96491450328932 3.28854961832061
AL3 -18.5 13.16 -0.0434345548192829 -0.0682493696340958 3.24693737095664
AL32 -18.73 15.17 0.551897788038856 2.46223677108971 3.275871886121
AL5 -18.25 14.12 0.203500789186839 0.888685974372023 3.24387271496276
AL6 -18.7 14.4 0.550925277351588 1.66126426040244 3.24489937543373
AL7 -18.72 14.19 -0.277818587854382 0.947366597330805 3.23255333792154
CL11 -17.13 12.68 1.32041847648237 -0.554396338332444 3.24079040225829
CL12 -17.48 12.4 0.987150817401123 -0.817663997413689 3.25752274317705
CL17 -18.58 12.35 -0.120196978260176 -0.875011793074992 3.25017494751574
CL19 -19.05 13.24 0.179798143910743 0.48013712696159 3.22377224199288
CL21 -18.22 12.37 1.03524753684654 -0.364413480102613 3.24922163492868
CL23 -18.65 13.42 0.617022343199001 0.697361326249847 3.26099644128114
CL24 -16.98 12.35 1.4481884129679 -0.906626401846911 3.21856033874383
CL25 -18.08 10.49 1.187022343199 -2.23263867375015 3.26099644128114
CL27 -18.24 12.47 0.302189076323853 -0.672625738490961 3.33256100209978
CL28 -18.69 13.3 0.58082646174991 0.581165444800759 3.26480055983205
CL29 -18.95 10.36 0.304155753717439 -2.37550526323172 3.24812985179958
CL31 -20.79 11.32 -2.33432210371186 -1.90913691852668 3.24604982206406
CL38 -17.37 12.51 1.04823320954677 -0.756581605268043 3.20860513532269
CL39 -20.86 9.68 -1.6153264112494 -3.06498742819855 3.23864768683274
CL40 -19.3 11.55 -0.859197548551724 -1.69401236336654 3.2311743772242
CL41 -18.42 9.18 0.101019934104916 -3.9837948807099 3.31139185988084
CL42 -18.47 12.9 0.769406283004665 0.14974526605551 3.2333803810868
CL45 -15.28 10.98 3.96810438468711 -1.76155663226204 3.24207848276925
CL47 -18.33 9.65 0.12340095485002 -3.58141385996479 3.24377288062594
CL50 -16.8 11.95 1.66439397883294 -1.27042083598187 3.25476590460887
CL53 -17.8 12.37 0.63559843413939 -0.879216380675424 3.22597035991531
CL54 -18.88 12.46 -0.400340518281948 -0.745155333096762 3.27003140749397
CL58 -19.68 12.95 -1.14055098406198 -0.19536579887679 3.32982094171395
CL9 -19.07 12.39 -0.586594020385069 -0.811408835199881 3.27377790539085
LN1 -20.57 11.52 -1.3284247628827 -1.22808577983185 3.23554933519944
LN10 -20.68 11.46 -1.47013233570723 -1.31979335265638 3.20384176237491
LN11 -20.58 11.62 -1.25780894762727 -1.04746996457643 3.31616515045486
LN12 -20.38 11.25 -1.04841206644184 -1.40807308339099 3.3255620316403
LN13 -20.61 11.46 -2.12102189192352 -1.73583670673833 3.2793500338524
LN14 -20.9 11.99 -1.6831000444001 -0.782761061349254 3.21087405368204
LN15 -20.32 11.54 -1.07426315520533 -1.20392417215449 3.23971094287681
LN16 -20.72 11.66 -1.32962444353122 -0.939285460480374 3.38434965455092
LN17 -19.74 11.46 -0.467661557704565 -1.25732257465372 3.26631254037757
LN18 -19.99 11.2 -0.708199837930726 -1.50786085487988 3.27577426015141
LN19 -20.87 11.81 -1.53177423687464 -0.841435253823795 3.3321998612075
LN2 -20.42 11.4 -1.1670367271255 -1.33669774407465 3.24693737095664
LN20 -19.85 12.05 -0.633100044400104 -0.722761061349254 3.21087405368204
LN21 -20.1 11.18 -0.782669619798442 -1.49233063674759 3.3113044782837
LN22 -20.08 11.24 -0.863271756945012 -1.53293277389417 3.21070234113712
LN23 -20.41 11.25 -1.18587361632027 -1.51553463326942 3.21810048176187
LN24 -19.99 11.35 -0.75646556565893 -1.40612658260808 3.22750853242321
LN25 -20.1 11.76 -0.859847907130044 -0.989508924079197 3.2341261909521
LN3 -20.27 11.65 -0.99550434719246 -1.06516536414161 3.26846975088968
LN4 -21.3 11.65 -2.065772558544 -1.10543357549315 3.22820153953814
LN5 -21.23 10.4 -1.962977656801 -2.32263867375015 3.26099644128114
LN6 -20.48 11.47 -1.2036847543983 -1.24334577134745 3.27028934368384
LN7 -20.49 11.32 -1.19688409735808 -1.37654511430723 3.28709000072406
LN8 -20.84 11.69 -1.58475246315346 -1.04441348010261 3.24922163492868
LN9 -20.15 11.3 -0.911990754674251 -1.45165177162341 3.23198334340789
SF1 -18.42 14.25 0.22208359023831 1.2072687754235 3.43245551601423
SF10 -18.35 14.34 0.212462223979149 1.21764740916434 3.35283414975507
SF12 -19.53 12.76 -0.105766617489339 0.194572365561512 3.4182074805928
SF2 -18.48 14.13 0.800002307191976 1.42034129024282 3.27397640527411
SF22 -18.56 14 0.00492457701171078 0.880109762196895 3.35529650278763
SF23 -18.08 13.66 1.19271570066873 0.943054683719576 3.26668979875087
SF24 -17.46 14.32 1.85786347934387 1.64820246239472 3.31183757742601
SF25 -18.49 13.12 0.868860051672936 0.489199034723781 3.35283414975507
SF27 -18.98 12.76 -0.438311731749493 -0.383126546564306 3.33206019402643
SF28 -19.01 13.59 -0.445244602995471 0.469940582189718 3.35512732278045
SF29 -18.88 13.86 0.477684335227672 1.22802331827852 3.35165843330981
SF3 -18.4 13.91 1.00202315193696 1.3223621349878 3.3959972500191
SF30 -19.51 13.29 -0.939095034728042 0.176090150457145 3.36127689104788
SF32 -17.58 14.18 0.894760098597809 0.969945283782994 3.26513202437373
SF33 -18.73 13.61 0.672003318996195 1.02234230204704 3.39597741707833
SF4 -19.79 13.3 -1.26749883986884 0.13768634531635 3.31287308590709
SF5 -18.88 13.17 -0.328903258774271 0.0362819264109146 3.34146866700165
SF58 -19.92 13.75 -0.504814669469693 1.17552431358116 3.40915942861245
SF7 -18.66 12.81 0.618174257411212 0.0985132404620606 3.27214835549335
SF83 -18.9 13.96 -0.277049594367925 0.898135590817261 3.413322331408
SR1 -18.69 13.25 -0.2099282397691 0.0452569454160884 3.27044368600683
SR105 -18 14.16 0.485771989891328 0.960957175076515 3.27614391566725
SR107 -18.62 13.94 -0.0709548542977845 0.804230330887403 3.33941707147814
SR113 -18.9 13.11 -0.407341743885057 -0.0821565586998719 3.28303018189087
SR114 -18.04 14.39 1.39112819688317 1.83146717993402 3.42510229496531
SR120 -18.17 14.84 1.24299664836248 2.26333563141333 3.40697074644462
SR125 -19.25 15.24 -0.343204347619039 2.46198083756615 3.69716757815688
SR128 -18.11 12.5 0.380891086021441 -0.693923728793373 3.28126301179736
SR130 -18.8 13.25 -0.290513069036334 0.0746721161488534 3.29985885673959
SR131 -17.56 12.4 0.903151205896676 -0.821663608918139 3.2535231316726
SR133 -18.29 13.67 0.208177692544688 0.483362877729874 3.28854961832061
SR137 -18.18 12.96 1.16154191615274 0.311880899203586 3.33551601423488
SR141 -17.44 13.09 1.08404852960688 -0.0707662852079348 3.3144204553828
SR144 -18.44 13.19 -0.00726297365933837 -0.0620777884741524 3.22310895211659
SR148 -17.36 13.34 1.08300845531088 0.0981936404960668 3.2333803810868
SR149 -17.88 14.7 0.61094312698411 1.50612831216929 3.28131505276003
SR15 -18.4 13.59 NA NA 3.24112199347058
SR18 -18.14 14.13 1.19093915660211 1.47127813965295 3.32491325468425
SR20 -18.63 13.51 NA NA 3.31590095683296
SR25 -17.61 14.06 1.76757137604032 1.44791035909117 3.37154547412246
SR34 -17.34 13.97 1.10375426517617 0.728939450361359 3.2341261909521
SR37 -19.52 14.16 -1.06428421001261 0.93090097517258 3.24608771576332
SR45 -18.59 13.6 -0.137544773921479 0.367640411263707 3.24282715185444
SR51 -18.07 13.64 1.20998322851068 0.930322211561527 3.27395732659282
SR58 -18.24 13.54 0.288692079729927 0.383877264915114 3.31906400550585
SR80 -18.23 14.79 1.09256831578044 2.12290729883129 3.31654241386258
SR88 -18.87 13.16 -0.197460799113923 0.147724386071264 3.462911126662
SR89 -18.22 13.58 0.247651093858471 0.362836279043659 3.25802301963439
SR92 -18.89 13.78 0.615670030031739 1.29600901308259 3.49964412811388
SR96 -18.72 13.24 -0.138826451653463 0.136358733531725 3.37154547412246
