id std_length body_depth1 body_depth2 spine_dorsal1 spine_dorsal2 spine_dorsal3 spine_pelvic
AL3 4.89 1.2 1.28 0.636476191 0.618 0.23035 0.929011905
AL12 4.97 1.13 1.1 0.672372228 0.637 0.121991227 0.979425473
AL29 5.17 1.22 1.15 0.480231884 0.558 0.144927536 0.782743961
AL21 5.18 1.25 1.21 0.505092199 0.419 0.146037825 0.908243499
AL23 5.2 1.23 1.21 0.568027364 0.685 0.139685564 0.993719315
AL24 5.33 1.26 1.23 NA NA 0 NA
AL22 5.35 1.31 1.24 NA NA 0 NA
AL6 5.42 1.32 1.3 0.570363207 0.524 0 0.892204661
AL32 5.44 1.3 1.24 0.515781775 0.607 0.162786571 0.851964029
AL7 5.45 1.28 1.31 0.640971631 0.624 0.184940898 0.965477541
AL5 5.52 1.43 1.48 0.696338062 0.725 0.190302601 0.979134752
AL14 5.58 1.39 1.41 0.562016118 0.635 0.197051613 0.755091475
AL13 5.75 1.32 1.37 0.594174915 0.598 0.192190205 0.803162298
AL2 5.79 1.38 1.45 0.603447665 0.652 0.197051613 0.938829014
AL11 5.91 1.31 1.4 0.413532981 0.468 0.166019323 0.734562458
AL1 6.01 1.43 1.42 0.70065721 0.708 0.203089835 0.921985816
BR28 5 1.21 1.23 0.641423955 0.674 0.194492406 0.981919669
BR32 5.04 1.13 1.12 0.555939864 0.553 0.191694342 1.020747565
BR29 5.13 1.19 1.14 0.663047769 0.672 0.159517742 0.919573321
BR18 5.17 1.25 1.37 0.546080055 0.667 0.176421881 0.905225055
BR21 5.17 1.17 1.15 0.612095246 0.704 0.182600424 0.851482356
BR36 5.17 1.19 1.14 0.689094213 0.78 0.241551011 1.032203193
BR31 5.18 1.14 1.14 0.545009115 0.597 0.162160499 0.967535081
BR20 5.5 1.31 1.3 0.651770653 0.633 0.215582877 0.852090073
BR23 5.63 1.34 1.4 0.588653206 0.593 0.213063609 0.633961302
BR24 5.66 1.26 1.27 0.67579465 0.74 0.206380786 0.887682479
BR26 5.7 1.39 1.4 0.520308674 0.604 0.175558674 0.785117347
BR37 5.7 1.4 1.36 0.483360311 0.552 0.164427251 0.901005275
BR25 5.72 1.31 1.41 0.524010069 0.651 0.149286901 0.820884428
BR33 5.72 1.36 1.42 0.686264608 0.713 0.191676741 1.031205207
BR19 6.03 1.46 1.43 0.586650462 0.593 0.220203528 0.946266996
CL56 3.36 0.76 0.74 0.384018383 0.417 0 0.539740101
CL25 3.49 0.83 0.78 0.321104449 0.285 0.149687276 0.524047454
CL63 3.49 0.74 0.77 0.397163121 0.501 0.063434988 0.553373523
CL40 3.53 0.84 0.87 0.313334641 0.35 0.070920142 0.457420729
CL45 3.54 0.75 0.73 0.338321596 0.33 0.121159624 0.507237089
CL42 3.61 0.8 0.79 0.363895947 0.415 0.179103051 0.574096175
CL29 3.82 0.93 0.88 0.423048444 0.515 0.140693934 0.590039309
CL21 3.84 0.89 0.89 0.332047281 0.451 0.070921986 0.614037825
CL33 3.85 0.83 0.82 0.284035167 0.37 0.090822697 0.59724688
CL39 3.89 0.86 0.83 0.373122685 0.406 0.152766713 0.639697313
CL47 3.9 0.87 0.91 0.389479233 0.426 0.184936089 0.57089532
CL19 3.99 0.87 0.85 0.36875684 0.426 0.102275655 0.640750467
CL31 4 0.85 0.84 0.454111122 0.514 0 0.752287766
CL41 4.13 0.96 0.99 0.415869797 0.547 0.164234982 0.617734871
CL54 4.27 1.04 1.08 NA NA NA NA
CL28 4.67 1.04 0.99 0.565649713 0.598 0.164246933 0.695277822
CL23 4.73 1.03 1.02 0.486542019 0.507 0.142853402 0.761958615
CL17 4.89 1.18 1.3 0.475758865 0.477 0.161728132 0.74248227
CL38 4.94 1.19 1.17 0.402290476 0.598 0.202030952 0.862957143
CL58 5.13 1.21 1.23 0.354600708 0.414 0 0.552448991
CL50 5.18 1.2 1.25 0.642906099 0.655 0.164234982 0.817912319
CL27 5.19 1.23 1.35 0.553135261 0.545 0.158570169 0.810416435
CL43 5.32 1.23 1.21 0.465628822 0.557 0.145005645 0.766907427
CL12 5.39 1.24 1.25 0.55621769 0.567 0.120347104 0.922329409
CL24 5.4 1.27 1.32 0.578865792 0.687 0.182940447 0.933916017
CL9 5.49 1.22 1.25 0.60739091 0.651 0.20950789 0.993007597
CL64 5.82 1.4 1.45 0.339190772 0.434 0.121156496 0.592205366
CL11 5.89 1.26 1.21 0.554941177 0.605 0.212090686 1.029517157
GC32 4.59 1.13 1.11 0.626682205 0.662 0.220179588 0.993394587
GC15 4.69 1.05 1.09 0.625128542 0.6 0.184415149 1.006396825
GC7 4.93 1.07 1.05 0.570418745 0.626 0.173768192 0.849935588
GC30 5.17 1.16 1.19 0.59197906 0.604 0.198539063 1.052634027
GC2 5.18 1.21 1.28 0.497092308 0.526 0.14248718 0.688020513
GC9 5.21 1.22 1.22 0.627315612 0.702 0 0.892648327
GC19 5.25 1.18 1.18 0.511366013 0.635 0.132637497 0.894428205
GC24 5.3 1.26 1.26 0.609572061 0.638 0.180316251 1.257964262
GC31 5.37 1.15 1.11 0.725310433 0.806 0.193117048 0.954412214
GC45 5.47 1.24 1.3 0.571353123 0.7 0.16819811 0.781079668
GC4 5.6 1.28 1.41 0.602362667 0.732 0.203985884 0.99017298
GC14 5.66 1.35 1.42 0.632356049 0.712 0.247800723 0.959944032
GC21 5.95 1.31 1.3 0.739347369 0.606 0.15142518 1.072557632
GC12 5.96 1.39 1.47 0.629712246 0.752 0.214147443 1.179823651
GC36 6.07 1.32 1.32 NA NA 0 NA
GC16 6.12 1.38 1.36 0.691011594 0.656 0.183954286 0.918865831
GC1 6.15 1.35 1.46 0.636510309 0.78 0.23553866 1.162391753
GC40 6.15 1.46 1.53 0.557993087 0.632 0.202280956 1.000112817
GC18 6.16 1.44 1.46 0.583027919 0.563 0.282081218 0.801195432
GC10 6.17 1.38 1.4 0.678378866 0.755 0.23167268 0.960976804
GC38 6.28 1.39 1.37 0.562002584 0.511 0.208583979 0.697847545
GC28 6.4 1.47 1.52 0.601753279 0.6 0 0.82056706
LN19 4.89 1.16 1.09 0.649529262 0.657 0 0.859854962
LN23 5.04 1.14 1.05 0.56566721 0.503 0.206973119 0.834297406
LN24 5.05 1.15 1.05 0.467849946 0.461 0.110927942 0.908105711
LN17 5.06 1.14 1.08 0.542484931 0.631 0.210486577 0.865736053
LN7 5.1 1.23 1.21 0.649182404 0.696 0.18777016 0.894322721
LN18 5.25 1.22 1.19 0.690917203 0.695 0.206973119 1.019540424
LN10 5.27 1.28 1.3 0.603836574 0.556 0.230473474 0.734574122
LN2 5.29 1.25 1.15 0.600768694 0.697 0.120152713 0.833020522
LN3 5.29 1.19 1.13 0.612420074 0.55 0.195792291 0.877358055
LN5 5.29 1.2 1.18 0.52997201 0.531 0.140755725 0.855506361
LN22 5.32 1.19 1.16 0.615440204 0.667 0.195513995 0.99283715
LN11 5.33 1.26 1.21 0.579779956 0.566 0.193982863 0.835320195
LN12 5.35 1.21 1.18 0.610097271 0.615 0.252295883 0.866367044
LN16 5.37 1.26 1.28 0.589051282 0.599 0.108784615 0.830912821
LN21 5.41 1.22 1.15 0.523982051 0.609 0.197017949 0.892441026
LN15 5.44 1.25 1.22 0.534117366 0.629 0.151133174 0.859830895
LN20 5.45 1.21 1.2 0.64205462 0.587 0.184451693 0.763880055
LN6 5.46 1.25 1.24 0.67607888 0.65 0.140755725 0.875038168
LN1 5.49 1.28 1.2 0.616178682 0.587 0.140751786 0.814305452
LN9 5.49 1.29 1.26 0.61073249 0.677 0.18778653 0.834297406
LN25 5.5 1.28 1.25 0.585828205 0.502 0.151520513 0.846712821
LN13 5.57 1.2 1.17 0.680868983 0.678 0.198467727 0.977071889
LN4 5.67 1.32 1.28 0.584748978 0.529 0 0.708277998
LN8 5.78 1.28 1.28 0.559225232 0.668 0.243186432 0.73085895
LN14 5.84 1.33 1.24 0.610760812 0.599 0.17141443 0.836746959
MH11 3.81 0.89 0.87 0.462025121 0.509 0.161346851 0.735420543
MH35 3.9 0.94 0.94 0.378505155 0.406 0.157363402 0.736590206
MH36 3.9 0.92 0.9 0.624630769 0.704 0.139502564 0.993602564
MH7 3.9 0.91 0.95 0.46449761 0.481 0.156482182 0.756810231
MH20 4.11 0.96 0.96 0.460298521 0.538 0.226073713 0.790164053
MH29 4.14 0.94 0.97 0.470119522 0.41 0.183529788 0.765298444
MH21 4.17 0.95 0.97 0.427810872 0.509 0.20222081 0.872231678
MH28 4.21 0.96 0.98 0.529130086 0.503 0.161815969 0.713583508
MH31 4.23 0.92 0.97 0.513737003 0.62 0.190777041 0.76145434
MH9 4.3 1.04 1.11 0.455478592 0.49 0.181415702 0.882401649
MH5 4.31 1.05 1.09 0.502922732 0.526 0 0.835783472
MH19 4.55 0.94 0.98 0.328359893 0.377 0 0.646471199
MH16 4.56 1.08 1.11 0.551723783 0.554 0.12062742 0.753455681
MH10 4.58 1.03 1.08 0.533009761 0.529 0.248055874 0.83834973
MH22 4.6 1.03 1.04 0.219710457 0.257 0.131172883 0.525825177
MH26 5.17 1.23 1.26 0.451508997 0.486 0.12274313 0.722290036
MR3 4.88 1.1 1.13 0.638859458 0.658 0.151855547 0.842956494
MR1 5.05 1.16 1.15 0.491554593 0.508 0.170799341 0.842727494
MR9 5.05 1.24 1.24 0.481802086 0.603 0.173124245 0.844450801
MR15 5.09 1.13 1.15 0.412313155 0.511 0.076383357 0.716118493
MR10 5.16 1.22 1.21 0.571662223 0.665 0.165378543 0.753739104
MR14 5.16 1.14 1.09 0.57895231 0.698 0.155552739 0.802862159
MR4 5.18 1.19 1.16 0.56890891 0.646 0.182940447 0.777205835
MR47 5.21 1.17 1.23 0.489499079 0.638 0.17524067 0.783324398
MR2 5.28 1.24 1.29 0.555619306 0.511 0.060603319 0.637051445
MR18 5.49 1.25 1.17 0.386660252 0.387 0.170145155 0.661974442
MR8 5.5 1.2 1.22 0.570780627 0.565 0.17769017 0.812297918
MR58 5.55 1.25 1.24 0.484010976 0.419 0.120334921 0.732511602
MR17 5.61 1.21 1.23 0.567065728 0.478 0.151694836 0.891338028
MR57 5.66 1.26 1.27 0.454199539 0.532 0.200173235 0.619702308
MR53 5.96 1.27 1.37 0.60908818 0.689 0.141840283 0.902555726
MR7 6.22 1.44 1.43 0.562016118 0.582 0.160473368 0.8515145
RT21 4.13 0.97 1 0.539294791 0.434 0.142981469 0.59132214
RT55 4.14 0.94 1.04 0.441553785 0.475 0.161428463 0.679308387
RT42 4.16 0.92 0.99 0.45230436 0.501 0.194402144 0.68097451
RT23 4.17 1.07 1.08 0.445985252 0.477 0.164950572 0.62127577
RT22 4.2 0.89 0.93 0.559315193 0.414 0.181519274 0.695077098
RT20 4.23 1.03 1.07 0.512565228 0.45 0.179306223 0.607038919
RT43 4.26 0.92 0.92 0.423234296 0.555 0.19340699 0.471709859
RT48 4.28 1.07 1.18 0.496117754 0.59 0.138702288 0.712556509
RT46 4.3 1 1.02 0.416666667 0.48 0.186856482 0.722756944
RT60 4.33 0.97 0.99 0.500270337 0.551 0.190189096 0.652271996
RT49 4.49 0.95 1.02 0.467422671 0.442 0.148670194 0.700543111
RT54 4.55 1.06 1.1 0.494557996 0.609 0.232814055 0.664623504
RT50 4.71 1.17 1.26 0.465836439 0.528 0.167241499 0.752806648
RT40 5.02 1.17 1.25 0.585340567 0.556 0.166658238 0.896531114
RT62 5.3 1.24 1.34 0.554980766 0.493 0.206452151 0.797899278
RT47 5.42 1.17 1.27 0.600954885 0.642 0.205022518 0.744287123
SF7 3.79 0.84 0.84 0.27867124 0.331 0 0.42575725
SF23 3.87 0.91 0.9 0.540124483 0.514 0.154637183 0.698612131
SF2 3.91 0.94 0.96 0.392261155 0.475 0.131703694 0.614269626
SF4 3.93 0.86 0.89 0.457354688 0.524 0.142853402 0.538502563
SF25 4 0.9 0.92 0.462763366 0.423 0.152282039 0.731290668
SF30 4.14 0.98 1.08 0.547830769 0.544 0.12015641 0.5711
SF5 4.15 0.99 1.01 0.498965503 0.556 0.141417725 0.703617286
SF24 4.16 0.93 0.94 0.517133693 0.544 0.185882299 0.769804703
SF27 4.19 1.03 1.08 0.499148242 0.519 0.167258989 0.744799895
SF33 4.2 0.96 0.99 0.481835594 0.459 0.158386343 0.615351481
SF3 4.21 0.91 0.91 0.491561905 0.452 0.108797619 0.691197619
SF29 4.22 1 1.02 0.470291556 0.548 0.17494414 0.715492203
SF32 4.29 0.96 1.01 0.365102486 0.623 0.141112996 0.780602288
SF83 4.39 1.02 1.08 0.441496904 0.435 0.128511173 0.710354995
SF28 4.59 1.1 1.11 0.371782413 0.544 0.12015487 0.802353816
SF22 4.66 0.98 1.09 0.474956751 0.589 0.220169919 0.861129977
SF10 4.79 1.15 1.21 0.512917097 0.499 0.183490541 0.546308057
SF12 4.79 1.13 1.15 0.470820525 0.515 0.086583079 0.685565235
SF58 4.99 1.19 1.18 0.355950904 0.344 0.117847545 0.73501292
SF1 5.42 1.27 1.33 0.583603763 0.741 0.198459088 0.926897153
SH14 4.22 1.01 1.04 0.507440624 0.487 0.151305159 0.76932497
SH13 4.6 1.05 1.14 0.420232614 0.562 0.155635492 0.820270983
SH6 4.68 1.12 1.22 0.385888298 0.442 0.165239571 0.710717831
SH2 4.73 1.09 1.06 0.546603376 0.575 0.17638944 0.833118822
SH20 4.79 1.07 0.99 0.555413327 0.575 0.133602066 0.719473581
SH18 4.87 1.17 1.21 0.521317946 0.604 0.227477742 0.897660433
SH19 5.06 1.17 1.18 0.45162079 0.549 0.123723252 0.707087947
SH16 5.14 1.27 1.33 NA NA NA NA
SH10 5.31 1.23 1.23 0.502448003 0.612 0.27497337 0.810794882
SH12 5.32 1.17 1.24 0.582601449 0.635 0.144927536 0.765376812
SH11 5.38 1.31 1.34 0.610775255 0.632 0.096517838 0.804319311
SH1 5.5 1.33 1.41 0.639098249 0.662 0.160863862 0.906566014
SH7 5.56 1.38 1.43 0.600007246 0.629 0.179265701 0.887021739
SH4 5.57 1.3 1.42 0.47042644 NA 0.193572831 0.9236447
SH8 5.73 1.3 1.38 0.600515445 0.69 0.194434447 0.913478144
SH5 6.11 1.44 1.44 0.57113285 0.661 0.239021739 1.016147343
SK10 4.72 1.07 1.12 0.561770694 0.637 0.166976735 0.806326419
SK1 4.76 1.11 1.12 0.390734564 0.487 0.121263888 0.750124384
SK8 4.88 1.15 1.12 0.603040733 0.615 0.215936457 0.853250028
SK19 5.15 1.2 1.19 0.522294404 0.572 0.206454988 0.789537713
SK26 5.18 1.16 1.14 0.427471318 0.408 0.126501491 0.706015279
SK17 5.31 1.19 1.22 0.644477066 0.631 0.20000049 0.744566762
SK30 5.32 1.21 1.21 NA 0.76 0.250431373 0.941291667
SK14 5.35 1.28 1.32 0.541949991 0.53 0.18525071 0.678473996
SK12 5.37 1.29 1.32 0.624662219 0.571 0.179391662 0.831240418
SK24 5.42 1.31 1.31 0.51777203 0.542 0.190335539 0.805019817
SK13 5.45 1.25 1.29 0.412764136 0.436 0.15382801 0.683106608
SK25 5.55 1.3 1.31 0.531233227 0.547 0.212084968 0.692564661
SK4 5.77 1.36 1.42 0.550846154 0.644 0.145951282 0.584817949
SK7 5.98 1.41 1.49 0.27721978 0.36 0.158319771 0.492315184
SK15 6.89 1.53 1.5 0.388822569 0.465 0.142933552 0.744323173
SR128 3.46 0.75 0.78 0.458558685 0.5 0.143633803 0.676201878
SR131 3.62 0.82 0.86 0.408401891 0.474 0.175451537 0.624758865
SR137 3.78 0.88 0.88 0.431133803 0.473 0.178157277 0.442262911
SR51 3.79 0.83 0.84 0.426711584 0.505 0.171390071 0.712333333
SR120 3.82 0.87 0.9 0.421721894 0.534 0.210859765 0.724496526
SR105 3.87 0.88 0.91 0.664836139 0.635 0.190827189 0.994198732
SR25 3.91 0.89 0.88 0.503681937 0.579 0.102283392 0.702073941
SR114 3.96 0.84 0.89 0.556352564 0.586 0.122044648 0.573686504
SR92 4.06 0.91 0.93 0.463115839 0.488 0.0951513 0.668023641
SR18 4.07 0.89 0.89 0.432333333 0.46 0.08270922 0.638297872
SR148 4.08 0.94 0.94 0.488869642 0.471 0.171905587 0.649198905
SR80 4.11 0.98 1.01 0.541930726 0.552 0.15665547 0.819793733
SR141 4.22 0.94 0.94 0.782588653 0.825 0.150782506 0.794832151
SR107 4.28 0.96 1.01 0.448505235 0.431 0.130759757 0.667201679
SR149 4.28 0.94 1.06 0.368238651 0.423 0.12201574 0.624742619
SR133 4.32 0.96 1.01 0.424220854 0.499 0 0.651619001
SR58 4.38 1.01 1.08 0.454199539 0.379 0.085671497 0.525850272
SR89 4.87 1.12 1.18 0.634328658 0.484 0.140414788 0.688620391
SR144 4.88 1.04 1.06 0.421732861 0.477 0 0.638929078
SR88 4.9 1.16 1.15 0.437528169 0.485 0.139429578 0.704366197
SR45 4.98 1.14 1.17 0.458312057 0.546 0.122018913 0.582252955
SR96 5.01 1.05 1.09 0.524112646 0.541 0.149705898 0.888241065
SR1 5.05 1.06 1.09 0.602867544 0.486 0.095828443 0.729111857
SR34 5.2 1.12 1.2 0.42836385 0.485 0.102537559 0.560732394
SR24 5.29 1.16 1.19 0.352112676 0.479 0.132873239 0.527934272
SR130 5.47 1.18 1.18 0.472940476 0.614 0.190595238 0.763719048
SR113 5.54 1.25 1.24 0.551861158 0.596 0.170786421 0.81819815
SR125 5.98 1.4 1.46 0.381661939 0.355 0.122018913 0.397416076
SR37 7.13 1.46 1.46 0.426711584 0.406 0 0.66907565
